21199
23696
21739
21798
22948
20869
20877
20888
21665
21796
21599
21615
21704
21774
21776
21783
23547
20864
21598
21616
21626
21678
21683
21772
21785
23059
23724
20859
20885
21748
21754
21788
21793
23058
23566
20867
20868
21609
21681
21682
21705
21707
21733
21740
21745
21747
21750
21770
21778
21782
21792
23557
23563
23572
23697
23726
23745
23746
20876
21200
22026
23052
23053
23055
23060
23550
23558
23562
23582
23594
20880
21560
21581
21608
21679
21780
22034
23543
23574
23617
23671
23681
23693
23694
23702
23714
23735
21562
21564
21568
21584
21587
21594
21663
21674
21703
21744
21751
21769
22027
23020
23049
23050
23051
23536
23552
23561
23568
23590
23592
23618
23619
23672
23676
23682
23718
23723
23727
23737
23743
24316
20878
20883
21561
21565
21567
21578
21579
21580
21589
21627
21709
21719
21787
21795
22033
22037
22046
22946
23575
23604
23605
23687
23690
23695
23699
23721
23722
23725
23728
23738
23739
23740
23761
