47289
47291
47293
47306
47310
47313
47314
47315
47316
47333
47334
47352
47357
47360
47363
47376
47377
47378
47379
47380
47381
47382
47391
47393
47394
47395
47396
47440
47443
47454
47455
47457
47458
47459
47461
47462
47463
47464
47474
47478
47480
47481
47482
47484
47485
47489
47491
47492
47494
47495
47497
47501
47502
47503
47505
47506
47507
47509
47513
47514
47516
47517
47519
47521
47522
47524
47525
47540
47547
47548
47549
47552
47557
47568
47582
47588
47601
47619
47628
47634
47635
47636
47637
47638
47650
47657
47658
47659
47661
47662
47664
47666
47667
47714
47715
47716
47719
47720
47721
47722
47723
47724
47725
47726
47727
47729
47730
47732
47733
47783
47791
47810
47824
47831
47834
47836
47852
47856
47869
47873
47889
47890
47892
47893
47940
47944
47946
47966
47972
47973
47975
47976
47977
47978
47979
47982
47998
47999
48001
48002
48008
48011
48023
48073
48076
48079
48082
48084
48085
48086
48088
48089
48097
48099
48166
48172
48176
48177
48179
48181
48185
48230
48233
48236
48237
48238
48239
48240
48244
48245
48246
48253
48255
48256
48257
48258
48259
48260
48261
48262
48263
48265
48290
48291
48293
48294
48295
48307
48312
48313
48318
48320
48323
48324
48325
48326
48327
48336
48337
48341
48342
48343
48346
48347
48348
48349
48352
48356
48358
48359
48366
48367
48368
48369
48398
48409
48410
48412
48416
48417
48418
48421
48423
48455
48456
48461
48462
48463
48469
48471
48510
48511
48512
48513
48514
48516
48518
48519
48520
48521
48522
48527
48529
48530
48531
48532
48533
48536
48635
48636
48638
48639
48640
48645
48656
48657
48658
48660
48701
48706
48720
48721
48722
48725
48726
48727
48730
48731
48732
48734
48735
48736
48742
48743
48745
48746
48801
48803
48805
48806
48807
48810
48811
48812
48813
48814
48824
48826
48828
48829
48830
48832
48836
48838
48839
48863
48864
48865
48867
48883
48884
48885
48888
48891
48892
48893
48894
48895
48897
48899
48900
48901
48902
48903
48935
48938
48940
48943
48946
48947
48949
48951
48952
48971
48976
48982
48983
48984
48985
48986
48987
48988
48989
48990
48991
49019
49023
49026
49027
49029
49030
49031
49033
49034
49035
49038
49042
49043
49045
49048
49050
49053
49054
49057
49059
49060
49061
49062
49063
49064
49065
49066
49067
49068
49069
49070
49071
49072
49073
49098
49099
49100
49110
49111
49113
49114
49116
49117
49118
49121
49125
49126
49127
49128
49132
49133
49134
49135
49136
49137
49138
49139
49140
49141
49142
49143
49144
49148
49155
49157
49158
49159
49165
49168
49217
49218
49219
49224
49226
49227
49228
49229
49230
49232
49233
49240
49241
49244
49245
49246
49247
49248
49249
49250
49251
49253
49254
49262
49263
49264
49265
49266
49267
49268
49270
49307
49308
49309
49310
49311
49312
49313
49314
49316
49317
49324
49329
49330
49331
49332
49337
49339
49340
49341
49342
49345
49346
49347
49348
49349
49351
49352
49353
49356
49358
49359
49360
49361
49362
49365
49366
49367
49368
49369
49373
49374
49376
49377
49378
49379
49380
49381
49382
49383
49384
49385
49389
49390
49432
49433
49434
49435
49437
49438
49439
49440
49445
49446
49447
49448
49449
49451
49452
49453
49454
49455
49456
49457
49464
49466
49468
49652
49653
49655
49656
49657
49658
49659
49660
49661
49662
49664
49665
49666
49736
49737
49742
49743
49749
49751
49752
49756
49758
49760
49761
49762
49763
49910
49914
49919
49921
49922
49923
49925
49926
49928
49929
49930
49932
49934
49959
49960
49961
49962
49964
49965
49966
49967
49968
49969
49970
50033
50034
50036
50045
50046
50047
50048
50067
50068
50070
50073
50074
50075
50076
50077
50232
50253
50262
50283
50313
50330
50343
50356
50376
50377
50380
50417
50424
50463
50464
50465
50466
50467
50468
50470
50471
50483
50491
50492
50493
50496
50497
50500
50501
50517
50520
50522
50526
50527
50528
50529
50530
50531
50535
50536
50545
50546
50548
50549
50550
50551
50552
50553
50554
50558
50560
50561
50562
50563
50564
50565
50569
50570
50596
50597
50598
50599
50600
50601
50602
50603
50604
50605
50606
50607
50613
50614
50615
50616
50617
50650
50654
50655
50656
50658
50660
50661
50662
50663
50664
50665
50666
50667
50668
50669
50670
50671
50672
50673
50674
50675
50676
50677
50678
50679
50853
50854
50857
50862
50863
50874
50875
50876
50885
50886
50887
50889
50897
50962
50965
50969
50973
50981
50987
50992
50996
51002
51008
51012
51015
51093
51095
51107
51109
51152
51154
51159
51160
51161
51162
51163
51165
51166
51167
51171
51172
51175
51176
51177
51178
51179
51180
51181
51182
51183
51187
51188
51200
51201
51202
51206
51208
51209
51210
51211
51212
51213
51214
51215
51217
51220
51222
51225
51226
51228
51229
51230
51234
51236
51237
51274
51277
51279
51281
51282
51283
51284
51285
51286
51297
51298
51300
51301
51334
51335
51336
51337
51338
51339
51370
51374
51395
51396
51487
51490
51491
51492
51493
51494
51495
51502
51504
51505
51506
51508
51509
51510
51511
51512
51517
51518
51520
51562
51563
51564
51565
51570
51572
51573
51574
51575
51576
51605
51607
51615
51616
51618
51619
51709
51710
51711
51713
51714
51715
51716
51718
51719
51735
51736
51740
51741
51742
51753
51754
51777
51778
51824
51825
51826
51827
51830
51837
51838
51839
51841
51842
51843
51854
51858
51860
51865
51874
51878
51881
51886
51900
51901
51902
51905
51906
51907
51908
51909
51914
51915
51921
51922
51924
51925
51927
51928
51929
51933
51934
51940
51941
51942
51943
51944
51945
51946
51949
51950
51952
51953
51954
51955
51958
51960
51977
51978
51982
51983
51985
51986
51987
51988
51990
51997
51998
51999
52005
52015
52018
52019
52022
52025
52026
52027
52030
52032
52034
52035
52036
52037
52038
52043
52044
52045
52046
52047
52048
52049
52050
52052
52060
52062
52065
52067
52068
52069
52097
52099
52101
52102
52103
52104
52107
52108
52110
52111
52112
52144
52145
52146
52265
52266
52268
52269
52270
52271
52276
52278
52286
52287
52288
52289
52290
52291
52292
52294
52295
52296
52302
52303
52304
52308
52309
52314
52317
52318
52319
52323
52324
52325
52326
52327
52343
52344
52345
52346
52347
52348
52349
52357
52359
52360
52361
52365
52366
52367
52368
52369
52370
52371
52372
52378
52380
52381
52382
52391
52392
52393
52394
52395
52396
52401
52402
52403
52405
52406
52410
52411
52412
52413
52414
52415
52417
52418
52419
52420
52421
52422
52423
52424
52431
52432
52433
52434
52436
52437
52438
52440
52441
52442
52443
52444
52446
52447
52449
52452
52453
52454
52455
52456
52458
52459
52460
52461
52462
52463
52466
52467
52468
52469
52470
52471
52472
52474
52475
52481
52482
52484
52485
52486
52491
52492
52493
52494
52495
52508
52518
52519
52520
52521
52522
52538
52539
52540
52558
52575
52576
52579
52580
52581
52584
52585
52586
52592
52593
52594
52595
52596
52610
52611
52613
52614
52615
52616
52617
52618
52619
52623
52624
52625
52626
52627
52628
52629
52637
52638
52639
52640
52641
52642
52643
52649
52650
52651
52652
52656
52658
52659
52660
52661
52662
52664
52665
52677
52678
52679
52680
52682
52684
52685
52690
52691
52692
52702
52703
52704
52705
52706
52707
52717
52718
52719
52721
52724
52725
52726
52728
52747
52749
52751
52752
52753
52754
52755
52756
52760
52761
52777
52778
52779
52780
52781
52782
52783
52784
52785
52786
52805
52811
52813
52814
52815
52816
52819
52844
52845
52846
52847
52848
52849
52850
52851
52857
52858
52859
52873
52874
52875
52876
52877
52878
52879
52880
52881
52887
52888
52889
52890
52895
52896
52897
52898
52900
52901
52902
52905
52910
52911
52912
52917
53046
53047
53048
53049
53050
53052
53053
53054
53055
53056
53057
53058
53059
53062
53064
53065
53066
53067
53068
53069
53070
53071
53073
53074
53076
53079
53081
53082
53165
53166
53167
53168
53169
53170
53171
53172
53173
53174
53194
53195
53197
53198
53199
53200
53201
53202
53203
53204
53205
53210
53211
53212
53213
53216
53217
53218
53219
53220
53221
53223
53224
53225
53226
53227
53236
53237
53239
53240
53241
53242
53243
53244
53246
53247
53248
53249
53282
53287
53289
53290
53291
53292
53293
53296
53297
53299
53300
53301
53304
53305
53306
53307
53308
53309
53310
53311
53312
53313
53314
53315
53329
53330
53331
53332
53333
53334
53335
53336
53337
53338
53339
53340
53341
53342
53343
53346
53347
53348
53349
53350
53364
53365
53366
53367
53368
53369
53370
53373
53374
53375
53376
53377
53378
53379
53383
53385
53386
53387
53388
53389
53390
53391
53392
53393
53394
53397
53398
53403
53404
53405
53406
53407
53408
53409
53410
53411
53423
53424
53425
53426
53427
53428
53429
53435
53436
53450
53451
53452
53453
53454
53455
53456
53457
53464
53465
53466
53467
53468
53469
53470
53471
53472
53473
53474
53475
53482
53483
53488
53489
53490
53491
53492
53493
53494
53505
53510
53511
53512
53513
53514
53515
53516
53517
53518
53519
53520
53530
53531
53532
53533
53534
53536
53537
53538
53539
53540
53547
53550
53551
53552
53553
53554
53555
53556
53557
53558
53559
53571
53578
53579
53580
53581
53582
53583
53585
53586
53587
53590
53592
53593
53594
53595
53596
53600
53601
53603
53616
53617
53618
53619
53620
53622
53623
53624
53625
53630
53631
53632
53634
53636
53637
53638
53639
53640
53646
53647
53648
53649
53650
53651
53652
53667
53668
53669
53670
53671
53672
53673
53680
53681
53685
53686
53705
53706
53707
53708
53709
53710
53711
53712
53713
53714
53716
53717
53719
53720
53722
53723
53724
53735
53736
53737
53738
53739
53740
53741
53742
53743
53744
53752
53753
53754
53755
53756
53757
53758
53759
53761
53768
53769
53770
53771
53772
53773
53774
53775
53776
53780
53781
53782
53783
53784
53785
53786
53787
53788
53789
53790
53791
53793
53794
53795
53827
53828
53829
53830
53831
53832
53833
53834
53835
53836
53852
53853
53854
53855
53856
53857
53860
53861
53862
53864
