47289
47293
47306
47310
47313
47314
47315
47316
47333
47334
47352
47357
47360
47363
47376
47377
47378
47379
47380
47381
47382
47391
47393
47394
47395
47396
47440
47454
47457
47458
47459
47461
47463
47464
47474
47478
47480
47481
47482
47484
47485
47489
47491
47492
47494
47495
47497
47501
47502
47503
47506
47507
47509
47513
47514
47516
47517
47519
47521
47522
47524
47525
47540
47547
47549
47552
47557
47568
47582
47601
47628
47634
47635
47636
47637
47638
47650
47657
47658
47659
47661
47662
47664
47666
47667
47698
47714
47715
47716
47719
47720
47722
47723
47724
47725
47726
47727
47730
47732
47733
47783
47791
47810
47824
47831
47834
47836
47852
47856
47869
47873
47889
47890
47892
47893
47940
47944
47946
47972
47975
47976
47977
47978
47979
47982
47999
48001
48002
48008
48011
48073
48079
48082
48084
48085
48086
48089
48097
48099
48166
48181
48185
48230
48233
48236
48237
48239
48240
48244
48245
48246
48253
48255
48256
48257
48258
48259
48260
48261
48262
48263
48265
48290
48291
48293
48294
48295
48307
48312
48313
48318
48320
48323
48325
48326
48327
48336
48337
48341
48342
48343
48346
48347
48348
48349
48352
48356
48357
48358
48359
48364
48366
48367
48368
48369
48398
48409
48410
48412
48416
48417
48418
48421
48423
48455
48456
48461
48462
48469
48471
48510
48511
48512
48513
48514
48516
48518
48519
48520
48521
48522
48529
48530
48531
48532
48533
48635
48636
48645
48656
48657
48658
48660
48701
48720
48721
48722
48725
48726
48727
48731
48732
48734
48742
48743
48745
48746
48801
48803
48805
48806
48807
48810
48813
48824
48826
48828
48829
48832
48836
48838
48839
48863
48864
48865
48867
48868
48869
48870
48872
48873
48874
48877
48883
48885
48891
48892
48893
48894
48895
48897
48899
48900
48901
48902
48903
48935
48938
48940
48943
48946
48949
48951
48971
48982
48983
48984
48985
48986
48987
48988
48990
48991
49023
49026
49027
49029
49030
49031
49035
49038
49042
49045
49048
49053
49054
49060
49061
49062
49063
49065
49066
49067
49069
49070
49071
49072
49073
49098
49099
49100
49111
49113
49116
49118
49121
49125
49127
49128
49133
49136
49138
49140
49141
49143
49148
49157
49159
49165
49217
49218
49219
49224
49226
49227
49228
49229
49230
49233
49240
49241
49244
49245
49247
49248
49249
49250
49251
49254
49262
49263
49264
49265
49266
49267
49268
49270
49307
49308
49309
49310
49311
49312
49313
49314
49316
49317
49324
49329
49330
49331
49337
49339
49340
49341
49345
49346
49347
49348
49349
49351
49352
49356
49358
49359
49360
49361
49362
49365
49366
49367
49368
49369
49374
49376
49377
49378
49379
49380
49381
49382
49383
49384
49385
49390
49432
49433
49434
49435
49437
49438
49439
49440
49445
49446
49447
49448
49449
49451
49452
49453
49454
49455
49456
49457
49464
49466
49468
49652
49653
49655
49656
49658
49659
49660
49661
49662
49664
49736
49737
49742
49743
49749
49751
49752
49756
49758
49760
49761
49762
49919
49922
49923
49925
49926
49928
49930
49934
49959
49962
49964
49966
49967
49968
49969
49970
50033
50034
50036
50045
50046
50047
50068
50070
50073
50076
50253
50262
50283
50330
50343
50356
50376
50463
50464
50465
50466
50467
50468
50470
50471
50483
50491
50492
50496
50497
50500
50501
50520
50522
50526
50527
50528
50529
50531
50535
50536
50546
50548
50549
50550
50551
50554
50561
50563
50564
50569
50599
50600
50601
50602
50603
50605
50606
50607
50613
50615
50650
50655
50658
50660
50661
50662
50663
50664
50666
50668
50670
50671
50673
50674
50676
50677
50853
50857
50874
50875
50885
50886
50887
50889
50897
50962
50965
50969
50981
50987
50992
50996
51012
51015
51093
51095
51152
51154
51160
51161
51162
51163
51166
51167
51171
51172
51176
51177
51179
51183
51188
51200
51201
51202
51208
51209
51210
51211
51212
51213
51214
51215
51220
51221
51222
51225
51229
51230
51234
51236
51237
51274
51277
51279
51281
51282
51283
51285
51297
51300
51301
51335
51337
51370
51374
51487
51489
51490
51491
51492
51493
51494
51495
51502
51504
51506
51508
51509
51510
51511
51517
51518
51520
51562
51565
51570
51572
51573
51574
51575
51576
51605
51607
51619
51709
51710
51711
51713
51715
51716
51718
51721
51725
51735
51736
51740
51742
51768
51777
51824
51827
51830
51837
51839
51841
51843
51854
51858
51874
51881
51886
51900
51901
51902
51905
51907
51908
51909
51914
51915
51922
51924
51927
51928
51933
51934
51940
51945
51946
51949
51952
51953
51954
51958
51977
51978
51982
51985
51986
51987
51990
51997
51998
51999
52005
52015
52018
52022
52026
52030
52032
52035
52036
52037
52044
52046
52047
52048
52049
52052
52060
52062
52067
52068
52069
52077
52078
52097
52099
52101
52102
52103
52107
52108
52110
52111
52112
52145
52146
52265
52266
52269
52270
52271
52278
52286
52288
52289
52290
52291
52292
52294
52296
52302
52303
52304
52308
52309
52314
52318
52323
52324
52325
52326
52327
52343
52346
52347
52348
52349
52357
52359
52360
52361
52367
52369
52393
52394
52414
52424
52432
52444
52447
52449
52462
52463
52472
52482
52495
52518
52519
52520
52521
52522
52538
52539
52540
52558
52575
52576
52579
52580
52584
52585
52592
52593
52594
52595
52596
52611
52614
52615
52617
52623
52624
52625
52626
52638
52649
52651
52653
52660
52661
52682
52690
52692
52704
52718
52721
52755
52811
52815
52846
52887
52888
53046
53049
53284
53287
53293
53312
53370
53376
53407
53452
53468
53742
53744
53753
53754
53761
53768
53769
53772
53780
53782
53793
53794
53812
53817
53818
53820
53822
53828
53830
53833
53834
53836
53852
53856
53860
53861
53862
