54264
54266
54268
54269
54360
54361
54362
54373
54377
54379
54404
54408
54412
54414
54415
54422
54424
54425
54433
54437
54451
54463
54468
54469
54470
54471
54479
54481
54483
54486
54490
54493
54495
54496
54497
54532
54533
54534
54543
54544
54546
54547
54549
54584
54587
54588
54591
54592
54593
54594
54595
54597
54598
54600
54602
54603
54604
54676
54682
54739
54747
54749
54754
54768
54794
54798
54803
54804
54850
54853
54858
54859
54860
54865
54866
54867
54870
54871
54872
54873
54897
54899
54909
54911
54912
54914
54915
54918
54932
54933
54934
54936
54937
54938
54944
54945
54948
54949
54951
54952
54953
54965
54966
54967
54968
54969
54971
54972
54973
54974
