67599
67660
67678
67686
67748
67778
67933
67939
68029
68042
68044
68053
68084
68103
68112
68113
68129
68152
68155
68208
68220
68335
68337
68354
68382
68388
68390
68406
68408
68410
68414
68421
68423
68470
68490
68491
68497
68502
68503
68550
68581
68726
68730
68731
68742
68743
68749
68889
68893
68905
69616
71328
71329
71330
71331
71332
71334
71335
71336
71337
71338
71339
71345
71346
71347
71348
71349
71350
71351
71352
71360
71362
71363
71364
71365
71366
71367
71368
71369
71370
71371
71378
71379
71380
71389
71390
71391
71392
71393
71394
71395
71403
71404
71405
71406
71407
71409
71415
71416
71417
71418
71419
71420
71437
71439
71456
71457
71467
71494
71496
71498
71504
71507
71508
71520
71578
71579
71583
71594
71595
71596
71597
71598
71599
71617
71618
71620
71621
71622
71624
71625
71626
71627
71638
71639
71640
71641
71642
71649
71650
71652
71653
71654
71655
71677
71678
71681
71682
71683
71684
71685
71691
71695
71696
71697
71699
71705
71706
71710
71712
71713
71719
71720
71721
71758
71760
71762
71764
71770
71771
71775
71776
71777
71778
71796
71797
71798
71801
71811
71814
71815
71816
71817
71818
71825
71827
71828
71829
71830
71832
71833
71835
71841
71842
71844
71851
71852
71853
71859
71860
71898
71899
71900
71903
71905
71906
71939
71940
71941
71942
71943
71944
71945
71952
71953
71954
71955
71957
71958
71964
71971
71973
71974
71985
71986
71987
71988
71989
71990
71997
71999
72000
72001
72002
72003
72019
72020
72021
72022
72036
72037
72038
72039
72042
72043
72050
72051
72052
72053
72056
72058
72059
72060
72069
72070
72082
72085
72086
72087
72088
72089
72090
72091
72097
72098
72099
72101
72102
72103
72112
72124
72127
72133
72134
72135
72136
72137
72138
72139
72140
72141
72145
72146
72148
72149
72151
72152
72153
72154
72164
72165
72166
72167
72168
72169
72170
72171
72172
72179
72181
72199
72200
72206
72207
72209
72218
72221
72222
72223
72224
72225
72227
72228
72235
72236
72237
72238
72239
72240
72272
72273
72274
72277
72278
72279
72280
72281
72282
72284
72285
72286
72292
72299
72300
72301
72302
72310
72311
72312
72313
72314
72316
72368
72369
72370
72371
72372
72373
72374
72375
72383
72384
72386
72387
72388
72389
72390
72391
72392
72399
72400
72401
72408
72409
72410
72411
72418
72419
72420
72421
72422
72423
72425
72426
72427
72434
72435
72438
72439
72440
72441
72442
72462
72463
72464
72467
72473
72493
72494
72495
72496
72497
72504
72505
72506
72507
72508
72509
72510
72512
72890
72894
72908
72909
72910
72911
72912
72913
72921
72922
72923
72926
72949
72951
72952
72953
72954
72955
72961
72964
72965
72966
72967
72968
72969
72973
72974
72975
72976
72978
72979
72986
72988
72989
72990
72991
72993
72995
73038
73816
73817
73818
73820
73821
73822
73823
73834
73839
73921
74330
74331
74332
74333
74335
74336
74337
74338
74347
74348
74349
74350
74351
74352
74353
74354
74355
74359
74360
74361
74363
74364
74365
74366
74372
74373
74374
74375
74376
74377
74378
74384
74385
74386
74387
74388
74389
74390
74393
74394
74395
74396
74397
74398
74400
74411
74413
74414
74415
74416
74417
74432
74436
74437
74438
74439
74440
74441
74442
74443
74444
74445
74446
74447
74448
74449
74450
74451
74468
74469
74470
74471
74472
74474
74482
74488
74491
74493
74502
74503
74505
74506
74507
74509
74510
74516
74517
74518
74519
74522
74523
74524
74530
74534
74536
74537
74538
74539
74541
74547
74550
74551
74552
74553
74554
74555
74564
74565
74567
74568
74569
74570
74571
74572
75141
75142
75143
75144
75159
75162
75163
75164
75165
75166
75168
75170
75183
75184
75185
75186
75188
75189
75218
75219
75220
75222
75223
75224
75225
75238
75239
75240
75241
75242
75243
75244
75245
75246
75247
75254
75255
75256
75268
75299
75300
75302
75303
75315
75316
75321
75335
75342
75358
75359
75360
75361
75362
75363
75364
75365
75373
75376
75377
75378
75379
75380
75381
75391
75392
75393
75394
75395
75396
75403
75405
75406
75407
75408
75409
75421
75422
75426
75428
75905
75907
75909
75910
75911
75912
75913
75914
75915
76001
76002
76003
76004
76005
76006
76007
76008
76015
76041
76042
76044
76046
76047
76048
76049
76054
76055
76057
76058
76073
76074
76086
76093
76094
76096
76097
76098
76099
76101
76107
76108
76109
76110
76111
76124
76129
76130
76139
76140
76141
76142
76143
76144
76151
76152
76153
76154
76194
76195
76196
76197
76199
76200
76201
76202
76205
76219
76220
76226
76227
76228
76231
76232
76234
76235
76236
76243
76244
76246
76247
76248
76250
76253
76254
76256
76257
76267
76268
76271
76280
76281
76282
76285
76286
76290
76292
76295
76312
76313
76315
76316
76317
76325
76326
76327
76331
76332
76333
76334
76342
76344
76345
76346
76347
76348
76414
76416
76417
76418
76451
76452
76459
76664
76666
76668
76675
76679
76680
76681
76682
76683
76684
76692
76695
76697
76700
76701
76736
76737
76738
76739
76740
76741
76746
76747
76757
76758
76759
76761
76762
76763
76774
76775
76777
76778
76779
76781
76782
76784
76785
76786
76792
76795
76796
76797
76798
76799
76821
76840
76866
76894
76905
76935
76936
76948
76961
76978
76998
77099
77318
77320
77321
77322
77323
77324
77325
77326
77327
77338
77339
77342
77343
77363
77419
77462
77463
77464
77466
77481
77484
77485
77486
77487
77488
77576
77577
77578
77581
77582
77584
77585
77586
77594
77600
77602
77603
77604
77605
77680
77683
77684
77688
77690
77813
77814
77815
77824
77850
77851
77854
77856
77883
77884
77885
77886
77887
77889
77900
77901
77902
77903
77905
77906
77907
77908
77909
77910
77918
77919
77921
77922
77923
77924
77938
77939
77942
77947
77949
77950
77951
77953
77954
77957
77958
77964
77965
77966
77967
77968
77974
77989
77990
77991
77992
77994
77995
77996
78006
78007
78014
78015
78016
78017
78018
78019
78020
78029
78073
78074
78080
78082
78085
78088
78089
78202
78206
78207
78209
78211
78217
78218
78219
78220
78221
78222
78223
78225
78226
78227
78228
78229
78238
78239
78240
78247
78248
78249
78250
78251
78252
78253
78254
78260
78261
78262
78263
78264
78265
78266
78268
78280
78281
78282
78287
78288
78289
78290
78293
78294
78295
78297
78305
78307
78308
78309
78310
78317
78318
78319
78322
78324
78328
78329
78337
78339
78342
78343
78346
78347
78348
78358
78375
78380
78387
78537
78543
78544
78547
78553
78555
78556
78558
78559
78567
78568
78571
78572
78686
78689
78697
78698
78700
78703
78708
78709
78731
78732
78733
78734
78735
78736
78737
78739
78740
78746
78814
78818
78819
78820
78834
78836
78838
78839
78840
78842
78843
78845
78856
78858
78860
78863
78864
78865
78867
78868
78879
78881
78882
78884
78885
78886
78894
78895
78896
78897
78901
78903
78914
78915
78916
78917
78918
78920
78921
78923
78924
78940
78941
78942
78944
78951
78952
78953
78954
