82400
82404
82405
82406
82409
82412
82413
82424
82435
82436
82441
82442
82443
82451
82454
82455
82456
82457
82458
82459
82460
82466
82467
82469
82484
82485
82487
82488
82489
82490
82491
82492
82493
82501
82502
82503
82504
82505
82507
82508
82509
82515
82516
82518
82519
82520
82523
82524
82526
82532
82533
82535
82541
82542
82544
82545
82546
82547
82548
82549
82556
82563
82564
82565
82566
82567
82568
82570
82571
82572
82579
82580
82581
82582
82583
82588
82597
82598
82599
82600
82601
82607
82608
82614
82616
82624
82625
82626
82627
82628
82629
82630
82631
82632
82638
82646
82648
82649
82650
82651
82652
82653
82665
82672
82673
82674
82680
82684
82685
82686
82687
82688
82689
82690
82698
82699
82700
82701
82702
